--- 
  version: 
    config: 1428053265
    puppet: "3.4.3"
  resources: 
    changed: 0
    failed: 0
    failed_to_restart: 0
    out_of_sync: 1
    restarted: 0
    scheduled: 0
    skipped: 0
    total: 11
  time: 
    config_retrieval: 0.396309105
    file: 0.081221972
    filebucket: 6.1828e-05
    package: 0.00020516
    schedule: 0.000471815
    service: 0.055913147
    total: 0.534183027
    last_run: 1428053266
  changes: 
    total: 0
  events: 
    failure: 0
    noop: 1
    success: 0
    total: 1